
[
	
	[
		0,
		
		[
			0,
			0,
			32,
			22,
			5,
			
			[
				
				[
					391,
					[ 7, 12, 0, 0, null ]
				],
				
				[
					392,
					[ 8, 12, 0, 0, null ]
				],
				
				[
					182,
					[ 22, 5, 0, 0, null ]
				],
				
				[
					591,
					[ 15, 18, 0, 0, null ]
				],
				
				[
					193,
					[ 1, 6, 0, 0, null ]
				],
				
				[
					602,
					[ 26, 18, 0, 0, null ]
				],
				
				[
					581,
					[ 5, 18, 0, 0, null ]
				],
				
				[
					172,
					[ 12, 5, 0, 0, null ]
				],
				
				[
					393,
					[ 9, 12, 0, 0, null ]
				],
				
				[
					183,
					[ 23, 5, 0, 0, null ]
				],
				
				[
					592,
					[ 16, 18, 0, 0, null ]
				],
				
				[
					194,
					[ 2, 6, 0, 0, null ]
				],
				
				[
					603,
					[ 27, 18, 0, 0, null ]
				],
				
				[
					614,
					[ 6, 19, 0, 0, null ]
				],
				
				[
					205,
					[ 13, 6, 0, 0, null ]
				],
				
				[
					582,
					[ 6, 18, 0, 0, null ]
				],
				
				[
					173,
					[ 13, 5, 0, 0, null ]
				],
				
				[
					604,
					[ 28, 18, 0, 0, null ]
				],
				
				[
					195,
					[ 3, 6, 0, 0, null ]
				],
				
				[
					394,
					[ 10, 12, 0, 0, null ]
				],
				
				[
					184,
					[ 24, 5, 0, 0, null ]
				],
				
				[
					593,
					[ 17, 18, 0, 0, null ]
				],
				
				[
					605,
					[ 29, 18, 0, 0, null ]
				],
				
				[
					196,
					[ 4, 6, 0, 0, null ]
				],
				
				[
					395,
					[ 11, 12, 0, 0, null ]
				],
				
				[
					606,
					[ 30, 18, 0, 0, null ]
				],
				
				[
					197,
					[ 5, 6, 0, 0, null ]
				],
				
				[
					396,
					[ 12, 12, 0, 0, null ]
				],
				
				[
					574,
					[ 30, 17, 0, 0, null ]
				],
				
				[
					165,
					[ 5, 5, 0, 0, null ]
				],
				
				[
					397,
					[ 13, 12, 0, 0, null ]
				],
				
				[
					198,
					[ 6, 6, 0, 0, null ]
				],
				
				[
					607,
					[ 31, 18, 0, 2, null ]
				],
				
				[
					683,
					[ 11, 21, 0, 2, null ]
				],
				
				[
					274,
					[ 18, 8, 0, 0, null ]
				],
				
				[
					151,
					[ 23, 4, 0, 0, null ]
				],
				
				[
					560,
					[ 16, 17, 0, 0, null ]
				],
				
				[
					571,
					[ 27, 17, 0, 0, null ]
				],
				
				[
					162,
					[ 2, 5, 0, 0, null ]
				],
				
				[
					361,
					[ 9, 11, 0, 0, null ]
				],
				
				[
					657,
					[ 17, 20, 0, 0, null ]
				],
				
				[
					248,
					[ 24, 7, 0, 0, null ]
				],
				
				[
					590,
					[ 14, 18, 0, 0, null ]
				],
				
				[
					181,
					[ 21, 5, 0, 0, null ]
				],
				
				[
					580,
					[ 4, 18, 0, 0, null ]
				],
				
				[
					171,
					[ 11, 5, 0, 0, null ]
				],
				
				[
					322,
					[ 2, 10, 0, 0, null ]
				],
				
				[
					521,
					[ 9, 16, 0, 0, null ]
				],
				
				[
					112,
					[ 16, 3, 0, 0, null ]
				],
				
				[
					36,
					[ 4, 1, 0, 0, null ]
				],
				
				[
					445,
					[ 29, 13, 0, 0, null ]
				],
				
				[
					577,
					[ 1, 18, 0, 0, null ]
				],
				
				[
					168,
					[ 8, 5, 0, 0, null ]
				],
				
				[
					32,
					[ 0, 1, 0, 2, null ]
				],
				
				[
					441,
					[ 25, 13, 0, 0, null ]
				],
				
				[
					366,
					[ 14, 11, 0, 0, null ]
				],
				
				[
					167,
					[ 7, 5, 0, 0, null ]
				],
				
				[
					576,
					[ 0, 18, 0, 2, null ]
				],
				
				[
					609,
					[ 1, 19, 0, 0, null ]
				],
				
				[
					200,
					[ 8, 6, 0, 0, null ]
				],
				
				[
					247,
					[ 23, 7, 0, 0, null ]
				],
				
				[
					656,
					[ 16, 20, 0, 0, null ]
				],
				
				[
					579,
					[ 3, 18, 0, 0, null ]
				],
				
				[
					170,
					[ 10, 5, 0, 0, null ]
				],
				
				[
					358,
					[ 6, 11, 0, 0, null ]
				],
				
				[
					-455,
					
					[
						25,
						7,
						-1,
						31,
						
						[
							[ "blockEnemy", false ],
							[ "blockFriendly", true ],
							[ "destroyProj", true ],
							[ "forceMult", 100.0 ],
							[ "id", 0 ],
							[ "rot", 0 ]
						]
					]
				],
				
				[
					557,
					[ 13, 17, 0, 0, null ]
				],
				
				[
					148,
					[ 20, 4, 0, 0, null ]
				],
				
				[
					152,
					[ 24, 4, 0, 0, null ]
				],
				
				[
					561,
					[ 17, 17, 0, 0, null ]
				],
				
				[
					163,
					[ 3, 5, 0, 0, null ]
				],
				
				[
					572,
					[ 28, 17, 0, 0, null ]
				],
				
				[
					357,
					[ 5, 11, 0, 0, null ]
				],
				
				[
					-456,
					
					[
						24,
						7,
						-1,
						31,
						
						[
							[ "blockEnemy", false ],
							[ "blockFriendly", true ],
							[ "destroyProj", true ],
							[ "forceMult", 100.0 ],
							[ "id", 0 ],
							[ "rot", 0 ]
						]
					]
				],
				
				[
					556,
					[ 12, 17, 0, 0, null ]
				],
				
				[
					147,
					[ 19, 4, 0, 0, null ]
				],
				
				[
					570,
					[ 26, 17, 0, 0, null ]
				],
				
				[
					161,
					[ 1, 5, 0, 0, null ]
				],
				
				[
					360,
					[ 8, 11, 0, 0, null ]
				],
				
				[
					150,
					[ 22, 4, 0, 0, null ]
				],
				
				[
					559,
					[ 15, 17, 0, 0, null ]
				],
				
				[
					473,
					[ 25, 14, 0, 0, null ]
				],
				
				[
					64,
					[ 0, 2, 0, 2, null ]
				],
				
				[
					569,
					[ 25, 17, 0, 0, null ]
				],
				
				[
					160,
					[ 0, 5, 0, 2, null ]
				],
				
				[
					359,
					[ 7, 11, 0, 0, null ]
				],
				
				[
					558,
					[ 14, 17, 0, 0, null ]
				],
				
				[
					149,
					[ 21, 4, 0, 0, null ]
				],
				
				[
					550,
					[ 6, 17, 0, 0, null ]
				],
				
				[
					141,
					[ 13, 4, 0, 0, null ]
				],
				
				[
					34,
					[ 2, 1, 0, 0, null ]
				],
				
				[
					443,
					[ 27, 13, 0, 0, null ]
				],
				
				[
					447,
					[ 31, 13, 0, 2, null ]
				],
				
				[
					38,
					[ 6, 1, 0, 0, null ]
				],
				
				[
					356,
					[ 4, 11, 0, 0, null ]
				],
				
				[
					555,
					[ 11, 17, 0, 0, null ]
				],
				
				[
					146,
					[ 18, 4, 0, 0, null ]
				],
				
				[
					531,
					[ 19, 16, 0, 0, null ]
				],
				
				[
					122,
					[ 26, 3, 0, 0, null ]
				],
				
				[
					35,
					[ 3, 1, 0, 0, null ]
				],
				
				[
					444,
					[ 28, 13, 0, 0, null ]
				],
				
				[
					452,
					[ 4, 14, 0, 0, null ]
				],
				
				[
					43,
					[ 11, 1, 0, 0, null ]
				],
				
				[
					390,
					[ 6, 12, 0, 0, null ]
				],
				
				[
					-423,
					
					[
						25,
						8,
						-1,
						31,
						
						[
							[ "blockEnemy", false ],
							[ "blockFriendly", true ],
							[ "destroyProj", true ],
							[ "forceMult", 100.0 ],
							[ "id", 0 ],
							[ "rot", 0 ]
						]
					]
				],
				
				[
					99,
					[ 3, 3, 0, 0, null ]
				],
				
				[
					508,
					[ 28, 15, 0, 0, null ]
				],
				
				[
					298,
					[ 10, 9, 0, 0, null ]
				],
				
				[
					100,
					[ 4, 3, 0, 0, null ]
				],
				
				[
					509,
					[ 29, 15, 0, 0, null ]
				],
				
				[
					299,
					[ 11, 9, 0, 0, null ]
				],
				
				[
					104,
					[ 8, 3, 0, 0, null ]
				],
				
				[
					513,
					[ 1, 16, 0, 0, null ]
				],
				
				[
					303,
					[ 15, 9, 0, 0, null ]
				],
				
				[
					300,
					[ 12, 9, 0, 0, null ]
				],
				
				[
					323,
					[ 3, 10, 0, 0, null ]
				],
				
				[
					143,
					[ 15, 4, 0, 0, null ]
				],
				
				[
					552,
					[ 8, 17, 0, 0, null ]
				],
				
				[
					296,
					[ 8, 9, 0, 0, null ]
				],
				
				[
					97,
					[ 1, 3, 0, 0, null ]
				],
				
				[
					506,
					[ 26, 15, 0, 0, null ]
				],
				
				[
					511,
					[ 31, 15, 0, 2, null ]
				],
				
				[
					102,
					[ 6, 3, 0, 0, null ]
				],
				
				[
					547,
					[ 3, 17, 0, 0, null ]
				],
				
				[
					138,
					[ 10, 4, 0, 0, null ]
				],
				
				[
					450,
					[ 2, 14, 0, 0, null ]
				],
				
				[
					41,
					[ 9, 1, 0, 0, null ]
				],
				
				[
					139,
					[ 11, 4, 0, 0, null ]
				],
				
				[
					548,
					[ 4, 17, 0, 0, null ]
				],
				
				[
					333,
					[ 13, 10, 0, 0, null ]
				],
				
				[
					42,
					[ 10, 1, 0, 0, null ]
				],
				
				[
					451,
					[ 3, 14, 0, 0, null ]
				],
				
				[
					354,
					[ 2, 11, 0, 0, null ]
				],
				
				[
					353,
					[ 1, 11, 0, 0, null ]
				],
				
				[
					363,
					[ 11, 11, 0, 0, null ]
				],
				
				[
					164,
					[ 4, 5, 0, 0, null ]
				],
				
				[
					337,
					[ 17, 10, 0, 0, null ]
				],
				
				[
					332,
					[ 12, 10, 0, 0, null ]
				],
				
				[
					301,
					[ 13, 9, 0, 0, null ]
				],
				
				[
					107,
					[ 11, 3, 0, 0, null ]
				],
				
				[
					516,
					[ 4, 16, 0, 0, null ]
				],
				
				[
					398,
					[ 14, 12, 0, 0, null ]
				],
				
				[
					355,
					[ 3, 11, 0, 0, null ]
				],
				
				[
					549,
					[ 5, 17, 0, 0, null ]
				],
				
				[
					140,
					[ 12, 4, 0, 0, null ]
				],
				
				[
					118,
					[ 22, 3, 0, 0, null ]
				],
				
				[
					527,
					[ 15, 16, 0, 0, null ]
				],
				
				[
					108,
					[ 12, 3, 0, 0, null ]
				],
				
				[
					517,
					[ 5, 16, 0, 0, null ]
				],
				
				[
					106,
					[ 10, 3, 0, 0, null ]
				],
				
				[
					515,
					[ 3, 16, 0, 0, null ]
				],
				
				[
					305,
					[ 17, 9, 0, 0, null ]
				],
				
				[
					111,
					[ 15, 3, 0, 0, null ]
				],
				
				[
					520,
					[ 8, 16, 0, 0, null ]
				],
				
				[
					389,
					[ 5, 12, 0, 0, null ]
				],
				
				[
					-424,
					
					[
						24,
						8,
						-1,
						31,
						
						[
							[ "blockEnemy", false ],
							[ "blockFriendly", true ],
							[ "destroyProj", true ],
							[ "forceMult", 100.0 ],
							[ "id", 0 ],
							[ "rot", 0 ]
						]
					]
				],
				
				[
					693,
					[ 21, 21, 0, 2, null ]
				],
				
				[
					295,
					[ 7, 9, 0, 0, null ]
				],
				
				[
					105,
					[ 9, 3, 0, 0, null ]
				],
				
				[
					514,
					[ 2, 16, 0, 0, null ]
				],
				
				[
					304,
					[ 16, 9, 0, 0, null ]
				],
				
				[
					110,
					[ 14, 3, 0, 0, null ]
				],
				
				[
					519,
					[ 7, 16, 0, 0, null ]
				],
				
				[
					120,
					[ 24, 3, 0, 0, null ]
				],
				
				[
					529,
					[ 17, 16, 0, 0, null ]
				],
				
				[
					518,
					[ 6, 16, 0, 0, null ]
				],
				
				[
					109,
					[ 13, 3, 0, 0, null ]
				],
				
				[
					98,
					[ 2, 3, 0, 0, null ]
				],
				
				[
					507,
					[ 27, 15, 0, 0, null ]
				],
				
				[
					297,
					[ 9, 9, 0, 0, null ]
				],
				
				[
					302,
					[ 14, 9, 0, 0, null ]
				],
				
				[
					103,
					[ 7, 3, 0, 0, null ]
				],
				
				[
					512,
					[ 0, 16, 0, 2, null ]
				],
				
				[
					119,
					[ 23, 3, 0, 0, null ]
				],
				
				[
					528,
					[ 16, 16, 0, 0, null ]
				],
				
				[
					320,
					[ 0, 10, 0, 2, null ]
				],
				
				[
					321,
					[ 1, 10, 0, 0, null ]
				],
				
				[
					229,
					[ 5, 7, 0, 0, null ]
				],
				
				[
					638,
					[ 30, 19, 0, 0, null ]
				],
				
				[
					328,
					[ 8, 10, 0, 0, null ]
				],
				
				[
					329,
					[ 9, 10, 0, 0, null ]
				],
				
				[
					324,
					[ 4, 10, 0, 0, null ]
				],
				
				[
					523,
					[ 11, 16, 0, 0, null ]
				],
				
				[
					114,
					[ 18, 3, 0, 0, null ]
				],
				
				[
					334,
					[ 14, 10, 0, 0, null ]
				],
				
				[
					135,
					[ 7, 4, 0, 0, null ]
				],
				
				[
					544,
					[ 0, 17, 0, 2, null ]
				],
				
				[
					352,
					[ 0, 11, 0, 2, null ]
				],
				
				[
					546,
					[ 2, 17, 0, 0, null ]
				],
				
				[
					137,
					[ 9, 4, 0, 0, null ]
				],
				
				[
					336,
					[ 16, 10, 0, 0, null ]
				],
				
				[
					331,
					[ 11, 10, 0, 0, null ]
				],
				
				[
					326,
					[ 6, 10, 0, 0, null ]
				],
				
				[
					525,
					[ 13, 16, 0, 0, null ]
				],
				
				[
					116,
					[ 20, 3, 0, 0, null ]
				],
				
				[
					330,
					[ 10, 10, 0, 0, null ]
				],
				
				[
					325,
					[ 5, 10, 0, 0, null ]
				],
				
				[
					524,
					[ 12, 16, 0, 0, null ]
				],
				
				[
					115,
					[ 19, 3, 0, 0, null ]
				],
				
				[
					335,
					[ 15, 10, 0, 0, null ]
				],
				
				[
					136,
					[ 8, 4, 0, 0, null ]
				],
				
				[
					545,
					[ 1, 17, 0, 0, null ]
				],
				
				[
					526,
					[ 14, 16, 0, 0, null ]
				],
				
				[
					117,
					[ 21, 3, 0, 0, null ]
				],
				
				[
					327,
					[ 7, 10, 0, 0, null ]
				],
				
				[
					277,
					[ 21, 8, 0, 0, null ]
				],
				
				[
					686,
					[ 14, 21, 0, 2, null ]
				],
				
				[
					378,
					[ 26, 11, 0, 0, null ]
				],
				
				[
					431,
					[ 15, 13, 0, 0, null ]
				],
				
				[
					22,
					[ 22, 0, 0, 2, null ]
				],
				
				[
					595,
					[ 19, 18, 0, 0, null ]
				],
				
				[
					186,
					[ 26, 5, 0, 0, null ]
				],
				
				[
					-303,
					
					[
						17,
						12,
						-1,
						31,
						
						[
							[ "blockEnemy", false ],
							[ "blockFriendly", false ],
							[ "destroyProj", false ],
							[ "forceMult", 0 ],
							[ "rot", 90 ]
						]
					]
				],
				
				[
					510,
					[ 30, 15, 0, 0, null ]
				],
				
				[
					294,
					[ 6, 9, 0, 0, null ]
				],
				
				[
					703,
					[ 31, 21, 0, 2, null ]
				],
				
				[
					95,
					[ 31, 2, 0, 2, null ]
				],
				
				[
					504,
					[ 24, 15, 0, 0, null ]
				],
				
				[
					407,
					[ 23, 12, 0, 0, null ]
				],
				
				[
					129,
					[ 1, 4, 0, 0, null ]
				],
				
				[
					538,
					[ 26, 16, 0, 0, null ]
				],
				
				[
					339,
					[ 19, 10, 0, 0, null ]
				],
				
				[
					123,
					[ 27, 3, 0, 0, null ]
				],
				
				[
					532,
					[ 20, 16, 0, 0, null ]
				],
				
				[
					338,
					[ 18, 10, 0, 0, null ]
				],
				
				[
					128,
					[ 0, 4, 0, 2, null ]
				],
				
				[
					537,
					[ 25, 16, 0, 0, null ]
				],
				
				[
					293,
					[ 5, 9, 0, 0, null ]
				],
				
				[
					702,
					[ 30, 21, 0, 2, null ]
				],
				
				[
					94,
					[ 30, 2, 0, 0, null ]
				],
				
				[
					503,
					[ 23, 15, 0, 0, null ]
				],
				
				[
					406,
					[ 22, 12, 0, 0, null ]
				],
				
				[
					191,
					[ 31, 5, 0, 2, null ]
				],
				
				[
					600,
					[ 24, 18, 0, 0, null ]
				],
				
				[
					533,
					[ 21, 16, 0, 0, null ]
				],
				
				[
					124,
					[ 28, 3, 0, 0, null ]
				],
				
				[
					375,
					[ 23, 11, 0, 0, null ]
				],
				
				[
					404,
					[ 20, 12, 0, 0, null ]
				],
				
				[
					415,
					[ 31, 12, 0, 2, null ]
				],
				
				[
					6,
					[ 6, 0, 0, 2, null ]
				],
				
				[
					501,
					[ 21, 15, 0, 0, null ]
				],
				
				[
					92,
					[ 28, 2, 0, 0, null ]
				],
				
				[
					695,
					[ 23, 21, 0, 2, null ]
				],
				
				[
					286,
					[ 30, 8, 0, 0, null ]
				],
				
				[
					376,
					[ 24, 11, 0, 0, null ]
				],
				
				[
					-437,
					
					[
						11,
						8,
						-1,
						31,
						
						[
							[ "blockEnemy", true ],
							[ "blockFriendly", true ],
							[ "destroyProj", true ],
							[ "forceMult", 100.0 ],
							[ "id", 0 ],
							[ "rot", 0 ]
						]
					]
				],
				
				[
					91,
					[ 27, 2, 0, 0, null ]
				],
				
				[
					500,
					[ 20, 15, 0, 0, null ]
				],
				
				[
					285,
					[ 29, 8, 0, 0, null ]
				],
				
				[
					694,
					[ 22, 21, 0, 2, null ]
				],
				
				[
					86,
					[ 22, 2, 0, 0, null ]
				],
				
				[
					495,
					[ 15, 15, 0, 0, null ]
				],
				
				[
					188,
					[ 28, 5, 0, 0, null ]
				],
				
				[
					597,
					[ 21, 18, 0, 0, null ]
				],
				
				[
					156,
					[ 28, 4, 0, 0, null ]
				],
				
				[
					565,
					[ 21, 17, 0, 0, null ]
				],
				
				[
					157,
					[ 29, 4, 0, 0, null ]
				],
				
				[
					90,
					[ 26, 2, 0, 0, null ]
				],
				
				[
					499,
					[ 19, 15, 0, 0, null ]
				],
				
				[
					187,
					[ 27, 5, 0, 0, null ]
				],
				
				[
					596,
					[ 20, 18, 0, 0, null ]
				],
				
				[
					216,
					[ 24, 6, 0, 0, null ]
				],
				
				[
					625,
					[ 17, 19, 0, 0, null ]
				],
				
				[
					461,
					[ 13, 14, 0, 0, null ]
				],
				
				[
					52,
					[ 20, 1, 0, 0, null ]
				],
				
				[
					660,
					[ 20, 20, 0, 0, null ]
				],
				
				[
					251,
					[ 27, 7, 0, 0, null ]
				],
				
				[
					343,
					[ 23, 10, 0, 0, null ]
				],
				
				[
					370,
					[ 18, 11, 0, 0, null ]
				],
				
				[
					-443,
					
					[
						5,
						8,
						-1,
						9,
						
						[
							[ "action", 0 ],
							[ "id", 0 ],
							[ "playerOnly", false ]
						]
					]
				],
				
				[
					316,
					[ 28, 9, 0, 0, null ]
				],
				
				[
					93,
					[ 29, 2, 0, 0, null ]
				],
				
				[
					502,
					[ 22, 15, 0, 0, null ]
				],
				
				[
					292,
					[ 4, 9, 0, 0, null ]
				],
				
				[
					701,
					[ 29, 21, 0, 2, null ]
				],
				
				[
					405,
					[ 21, 12, 0, 0, null ]
				],
				
				[
					190,
					[ 30, 5, 0, 0, null ]
				],
				
				[
					599,
					[ 23, 18, 0, 0, null ]
				],
				
				[
					287,
					[ 31, 8, 0, 2, null ]
				],
				
				[
					696,
					[ 24, 21, 0, 2, null ]
				],
				
				[
					341,
					[ 21, 10, 0, 0, null ]
				],
				
				[
					134,
					[ 6, 4, 0, 0, null ]
				],
				
				[
					543,
					[ 31, 16, 0, 2, null ]
				],
				
				[
					564,
					[ 20, 17, 0, 0, null ]
				],
				
				[
					155,
					[ 27, 4, 0, 0, null ]
				],
				
				[
					661,
					[ 21, 20, 0, 0, null ]
				],
				
				[
					252,
					[ 28, 7, 0, 0, null ]
				],
				
				[
					462,
					[ 14, 14, 0, 0, null ]
				],
				
				[
					53,
					[ 21, 1, 0, 0, null ]
				],
				
				[
					211,
					[ 19, 6, 0, 0, null ]
				],
				
				[
					620,
					[ 12, 19, 0, 0, null ]
				],
				
				[
					313,
					[ 25, 9, 0, 0, null ]
				],
				
				[
					542,
					[ 30, 16, 0, 0, null ]
				],
				
				[
					133,
					[ 5, 4, 0, 0, null ]
				],
				
				[
					562,
					[ 18, 17, 0, 0, null ]
				],
				
				[
					153,
					[ 25, 4, 0, 0, null ]
				],
				
				[
					342,
					[ 22, 10, 0, 0, null ]
				],
				
				[
					541,
					[ 29, 16, 0, 0, null ]
				],
				
				[
					132,
					[ 4, 4, 0, 0, null ]
				],
				
				[
					536,
					[ 24, 16, 0, 0, null ]
				],
				
				[
					127,
					[ 31, 3, 0, 2, null ]
				],
				
				[
					0,
					[ 0, 0, 0, 2, null ]
				],
				
				[
					409,
					[ 25, 12, 0, 0, null ]
				],
				
				[
					540,
					[ 28, 16, 0, 0, null ]
				],
				
				[
					131,
					[ 3, 4, 0, 0, null ]
				],
				
				[
					126,
					[ 30, 3, 0, 0, null ]
				],
				
				[
					535,
					[ 23, 16, 0, 0, null ]
				],
				
				[
					28,
					[ 28, 0, 0, 2, null ]
				],
				
				[
					437,
					[ 21, 13, 0, 0, null ]
				],
				
				[
					125,
					[ 29, 3, 0, 0, null ]
				],
				
				[
					534,
					[ 22, 16, 0, 0, null ]
				],
				
				[
					340,
					[ 20, 10, 0, 0, null ]
				],
				
				[
					539,
					[ 27, 16, 0, 0, null ]
				],
				
				[
					130,
					[ 2, 4, 0, 0, null ]
				],
				
				[
					89,
					[ 25, 2, 0, 0, null ]
				],
				
				[
					498,
					[ 18, 15, 0, 0, null ]
				],
				
				[
					530,
					[ 18, 16, 0, 0, null ]
				],
				
				[
					121,
					[ 25, 3, 0, 0, null ]
				],
				
				[
					237,
					[ 13, 7, 0, 0, null ]
				],
				
				[
					646,
					[ 6, 20, 0, 0, null ]
				],
				
				[
					634,
					[ 26, 19, 0, 0, null ]
				],
				
				[
					225,
					[ 1, 7, 0, 0, null ]
				],
				
				[
					346,
					[ 26, 10, 0, 0, null ]
				],
				
				[
					345,
					[ 25, 10, 0, 0, null ]
				],
				
				[
					640,
					[ 0, 20, 0, 2, null ]
				],
				
				[
					231,
					[ 7, 7, 0, 0, null ]
				],
				
				[
					317,
					[ 29, 9, 0, 0, null ]
				],
				
				[
					629,
					[ 21, 19, 0, 0, null ]
				],
				
				[
					220,
					[ 28, 6, 0, 0, null ]
				],
				
				[
					624,
					[ 16, 19, 0, 0, null ]
				],
				
				[
					215,
					[ 23, 6, 0, 0, null ]
				],
				
				[
					312,
					[ 24, 9, 0, 0, null ]
				],
				
				[
					309,
					[ 21, 9, 0, 0, null ]
				],
				
				[
					314,
					[ 26, 9, 0, 0, null ]
				],
				
				[
					310,
					[ 22, 9, 0, 0, null ]
				],
				
				[
					622,
					[ 14, 19, 0, 0, null ]
				],
				
				[
					213,
					[ 21, 6, 0, 0, null ]
				],
				
				[
					412,
					[ 28, 12, 0, 0, null ]
				],
				
				[
					3,
					[ 3, 0, 0, 2, null ]
				],
				
				[
					315,
					[ 27, 9, 0, 0, null ]
				],
				
				[
					307,
					[ 19, 9, 0, 0, null ]
				],
				
				[
					210,
					[ 18, 6, 0, 0, null ]
				],
				
				[
					619,
					[ 11, 19, 0, 0, null ]
				],
				
				[
					33,
					[ 1, 1, 0, 0, null ]
				],
				
				[
					442,
					[ 26, 13, 0, 0, null ]
				],
				
				[
					630,
					[ 22, 19, 0, 0, null ]
				],
				
				[
					221,
					[ 29, 6, 0, 0, null ]
				],
				
				[
					253,
					[ 29, 7, 0, 0, null ]
				],
				
				[
					662,
					[ 22, 20, 0, 0, null ]
				],
				
				[
					256,
					[ 0, 8, 0, 2, null ]
				],
				
				[
					665,
					[ 25, 20, 0, 0, null ]
				],
				
				[
					159,
					[ 31, 4, 0, 2, null ]
				],
				
				[
					568,
					[ 24, 17, 0, 0, null ]
				],
				
				[
					371,
					[ 19, 11, 0, 0, null ]
				],
				
				[
					243,
					[ 19, 7, 0, 0, null ]
				],
				
				[
					652,
					[ 12, 20, 0, 0, null ]
				],
				
				[
					44,
					[ 12, 1, 0, 0, null ]
				],
				
				[
					453,
					[ 5, 14, 0, 0, null ]
				],
				
				[
					-360,
					
					[
						24,
						10,
						-1,
						31,
						
						[
							[ "blockEnemy", false ],
							[ "blockFriendly", true ],
							[ "destroyProj", true ],
							[ "forceMult", 100.0 ],
							[ "id", 0 ],
							[ "rot", 0 ]
						]
					]
				],
				
				[
					5,
					[ 5, 0, 0, 2, null ]
				],
				
				[
					414,
					[ 30, 12, 0, 0, null ]
				],
				
				[
					-399,
					
					[
						17,
						9,
						-1,
						31,
						
						[
							[ "blockEnemy", false ],
							[ "blockFriendly", false ],
							[ "destroyProj", false ],
							[ "forceMult", 100 ],
							[ "rot", 90 ]
						]
					]
				],
				
				[
					403,
					[ 19, 12, 0, 0, null ]
				],
				
				[
					65,
					[ 1, 2, 0, 0, null ]
				],
				
				[
					474,
					[ 26, 14, 0, 0, null ]
				],
				
				[
					264,
					[ 8, 8, 0, 0, null ]
				],
				
				[
					673,
					[ 1, 21, 0, 2, null ]
				],
				
				[
					377,
					[ 25, 11, 0, 0, null ]
				],
				
				[
					178,
					[ 18, 5, 0, 0, null ]
				],
				
				[
					587,
					[ 11, 18, 0, 0, null ]
				],
				
				[
					263,
					[ 7, 8, 0, 0, null ]
				],
				
				[
					672,
					[ 0, 21, 0, 2, null ]
				],
				
				[
					429,
					[ 13, 13, 0, 0, null ]
				],
				
				[
					20,
					[ 20, 0, 0, 2, null ]
				],
				
				[
					254,
					[ 30, 7, 0, 0, null ]
				],
				
				[
					663,
					[ 23, 20, 0, 0, null ]
				],
				
				[
					319,
					[ 31, 9, 0, 2, null ]
				],
				
				[
					74,
					[ 10, 2, 0, 0, null ]
				],
				
				[
					483,
					[ 3, 15, 0, 0, null ]
				],
				
				[
					284,
					[ 28, 8, 0, 0, null ]
				],
				
				[
					411,
					[ 27, 12, 0, 0, null ]
				],
				
				[
					2,
					[ 2, 0, 0, 2, null ]
				],
				
				[
					610,
					[ 2, 19, 0, 0, null ]
				],
				
				[
					201,
					[ 9, 6, 0, 0, null ]
				],
				
				[
					212,
					[ 20, 6, 0, 0, null ]
				],
				
				[
					621,
					[ 13, 19, 0, 0, null ]
				],
				
				[
					642,
					[ 2, 20, 0, 0, null ]
				],
				
				[
					233,
					[ 9, 7, 0, 0, null ]
				],
				
				[
					255,
					[ 31, 7, 0, 2, null ]
				],
				
				[
					664,
					[ 24, 20, 0, 0, null ]
				],
				
				[
					318,
					[ 30, 9, 0, 0, null ]
				],
				
				[
					84,
					[ 20, 2, 0, 0, null ]
				],
				
				[
					493,
					[ 13, 15, 0, 0, null ]
				],
				
				[
					-405,
					
					[
						11,
						9,
						-1,
						31,
						
						[
							[ "blockEnemy", true ],
							[ "blockFriendly", true ],
							[ "destroyProj", true ],
							[ "forceMult", 100.0 ],
							[ "id", 0 ],
							[ "rot", 0 ]
						]
					]
				],
				
				[
					408,
					[ 24, 12, 0, 0, null ]
				],
				
				[
					73,
					[ 9, 2, 0, 0, null ]
				],
				
				[
					482,
					[ 2, 15, 0, 0, null ]
				],
				
				[
					410,
					[ 26, 12, 0, 0, null ]
				],
				
				[
					1,
					[ 1, 0, 0, 2, null ]
				],
				
				[
					308,
					[ 20, 9, 0, 0, null ]
				],
				
				[
					311,
					[ 23, 9, 0, 0, null ]
				],
				
				[
					623,
					[ 15, 19, 0, 0, null ]
				],
				
				[
					214,
					[ 22, 6, 0, 0, null ]
				],
				
				[
					402,
					[ 18, 12, 0, 0, null ]
				],
				
				[
					4,
					[ 4, 0, 0, 2, null ]
				],
				
				[
					413,
					[ 29, 12, 0, 0, null ]
				],
				
				[
					365,
					[ 13, 11, 0, 0, null ]
				],
				
				[
					75,
					[ 11, 2, 0, 0, null ]
				],
				
				[
					484,
					[ 4, 15, 0, 0, null ]
				],
				
				[
					487,
					[ 7, 15, 0, 0, null ]
				],
				
				[
					78,
					[ 14, 2, 0, 0, null ]
				],
				
				[
					476,
					[ 28, 14, 0, 0, null ]
				],
				
				[
					67,
					[ 3, 2, 0, 0, null ]
				],
				
				[
					566,
					[ 22, 17, 0, 0, null ]
				],
				
				[
					367,
					[ 15, 11, 0, 0, null ]
				],
				
				[
					369,
					[ 17, 11, 0, 0, null ]
				],
				
				[
					175,
					[ 15, 5, 0, 0, null ]
				],
				
				[
					584,
					[ 8, 18, 0, 0, null ]
				],
				
				[
					76,
					[ 12, 2, 0, 0, null ]
				],
				
				[
					275,
					[ 19, 8, 0, 0, null ]
				],
				
				[
					684,
					[ 12, 21, 0, 2, null ]
				],
				
				[
					154,
					[ 26, 4, 0, 0, null ]
				],
				
				[
					563,
					[ 19, 17, 0, 0, null ]
				],
				
				[
					628,
					[ 20, 19, 0, 0, null ]
				],
				
				[
					219,
					[ 27, 6, 0, 0, null ]
				],
				
				[
					283,
					[ 27, 8, 0, 0, null ]
				],
				
				[
					692,
					[ 20, 21, 0, 2, null ]
				],
				
				[
					380,
					[ 28, 11, 0, 0, null ]
				],
				
				[
					207,
					[ 15, 6, 0, 0, null ]
				],
				
				[
					616,
					[ 8, 19, 0, 0, null ]
				],
				
				[
					401,
					[ 17, 12, 0, 0, null ]
				],
				
				[
					400,
					[ 16, 12, 0, 0, null ]
				],
				
				[
					206,
					[ 14, 6, 0, 0, null ]
				],
				
				[
					615,
					[ 7, 19, 0, 0, null ]
				],
				
				[
					691,
					[ 19, 21, 0, 2, null ]
				],
				
				[
					282,
					[ 26, 8, 0, 0, null ]
				],
				
				[
					485,
					[ 5, 15, 0, 0, null ]
				],
				
				[
					-328,
					
					[
						24,
						11,
						-1,
						31,
						
						[
							[ "blockEnemy", false ],
							[ "blockFriendly", true ],
							[ "destroyProj", true ],
							[ "forceMult", 100.0 ],
							[ "id", 0 ],
							[ "rot", 0 ]
						]
					]
				],
				
				[
					594,
					[ 18, 18, 0, 0, null ]
				],
				
				[
					185,
					[ 25, 5, 0, 0, null ]
				],
				
				[
					385,
					[ 1, 12, 0, 0, null ]
				],
				
				[
					208,
					[ 16, 6, 0, 0, null ]
				],
				
				[
					617,
					[ 9, 19, 0, 0, null ]
				],
				
				[
					189,
					[ 29, 5, 0, 0, null ]
				],
				
				[
					598,
					[ 22, 18, 0, 0, null ]
				],
				
				[
					388,
					[ 4, 12, 0, 0, null ]
				],
				
				[
					174,
					[ 14, 5, 0, 0, null ]
				],
				
				[
					583,
					[ 7, 18, 0, 0, null ]
				],
				
				[
					169,
					[ 9, 5, 0, 0, null ]
				],
				
				[
					578,
					[ 2, 18, 0, 0, null ]
				],
				
				[
					368,
					[ 16, 11, 0, 0, null ]
				],
				
				[
					659,
					[ 19, 20, 0, 0, null ]
				],
				
				[
					250,
					[ 26, 7, 0, 0, null ]
				],
				
				[
					481,
					[ 1, 15, 0, 0, null ]
				],
				
				[
					72,
					[ 8, 2, 0, 0, null ]
				],
				
				[
					586,
					[ 10, 18, 0, 0, null ]
				],
				
				[
					177,
					[ 17, 5, 0, 0, null ]
				],
				
				[
					387,
					[ 3, 12, 0, 0, null ]
				],
				
				[
					218,
					[ 26, 6, 0, 0, null ]
				],
				
				[
					627,
					[ 19, 19, 0, 0, null ]
				],
				
				[
					685,
					[ 13, 21, 0, 2, null ]
				],
				
				[
					276,
					[ 20, 8, 0, 0, null ]
				],
				
				[
					-327,
					
					[
						25,
						11,
						-1,
						31,
						
						[
							[ "blockEnemy", false ],
							[ "blockFriendly", true ],
							[ "destroyProj", true ],
							[ "forceMult", 100.0 ],
							[ "id", 0 ],
							[ "rot", 0 ]
						]
					]
				],
				
				[
					486,
					[ 6, 15, 0, 0, null ]
				],
				
				[
					77,
					[ 13, 2, 0, 0, null ]
				],
				
				[
					384,
					[ 0, 12, 0, 2, null ]
				],
				
				[
					381,
					[ 29, 11, 0, 0, null ]
				],
				
				[
					386,
					[ 2, 12, 0, 0, null ]
				],
				
				[
					585,
					[ 9, 18, 0, 0, null ]
				],
				
				[
					176,
					[ 16, 5, 0, 0, null ]
				],
				
				[
					364,
					[ 12, 11, 0, 0, null ]
				],
				
				[
					362,
					[ 10, 11, 0, 0, null ]
				],
				
				[
					71,
					[ 7, 2, 0, 0, null ]
				],
				
				[
					480,
					[ 0, 15, 0, 2, null ]
				],
				
				[
					383,
					[ 31, 11, 0, 2, null ]
				],
				
				[
					399,
					[ 15, 12, 0, 0, null ]
				],
				
				[
					281,
					[ 25, 8, 0, 0, null ]
				],
				
				[
					690,
					[ 18, 21, 0, 2, null ]
				],
				
				[
					475,
					[ 27, 14, 0, 0, null ]
				],
				
				[
					66,
					[ 2, 2, 0, 0, null ]
				],
				
				[
					58,
					[ 26, 1, 0, 0, null ]
				],
				
				[
					467,
					[ 19, 14, 0, 0, null ]
				],
				
				[
					-431,
					
					[
						17,
						8,
						-1,
						31,
						
						[
							[ "blockEnemy", false ],
							[ "blockFriendly", false ],
							[ "destroyProj", false ],
							[ "forceMult", 100 ],
							[ "rot", 90 ]
						]
					]
				],
				
				[
					382,
					[ 30, 11, 0, 0, null ]
				],
				
				[
					553,
					[ 9, 17, 0, 0, null ]
				],
				
				[
					144,
					[ 16, 4, 0, 0, null ]
				],
				
				[
					68,
					[ 4, 2, 0, 0, null ]
				],
				
				[
					477,
					[ 29, 14, 0, 0, null ]
				],
				
				[
					554,
					[ 10, 17, 0, 0, null ]
				],
				
				[
					145,
					[ 17, 4, 0, 0, null ]
				],
				
				[
					-469,
					
					[
						11,
						7,
						-1,
						31,
						
						[
							[ "blockEnemy", true ],
							[ "blockFriendly", true ],
							[ "destroyProj", true ],
							[ "forceMult", 100.0 ],
							[ "id", 0 ],
							[ "rot", 0 ]
						]
					]
				],
				
				[
					344,
					[ 24, 10, 0, 0, null ]
				],
				
				[
					69,
					[ 5, 2, 0, 0, null ]
				],
				
				[
					-335,
					
					[
						17,
						11,
						-1,
						31,
						
						[
							[ "blockEnemy", false ],
							[ "blockFriendly", false ],
							[ "destroyProj", false ],
							[ "forceMult", 100 ],
							[ "rot", 90 ]
						]
					]
				],
				
				[
					478,
					[ 30, 14, 0, 0, null ]
				],
				
				[
					268,
					[ 12, 8, 0, 0, null ]
				],
				
				[
					677,
					[ 5, 21, 0, 2, null ]
				],
				
				[
					217,
					[ 25, 6, 0, 0, null ]
				],
				
				[
					626,
					[ 18, 19, 0, 0, null ]
				],
				
				[
					448,
					[ 0, 14, 0, 2, null ]
				],
				
				[
					39,
					[ 7, 1, 0, 0, null ]
				],
				
				[
					449,
					[ 1, 14, 0, 0, null ]
				],
				
				[
					40,
					[ 8, 1, 0, 0, null ]
				],
				
				[
					70,
					[ 6, 2, 0, 0, null ]
				],
				
				[
					479,
					[ 31, 14, 0, 2, null ]
				],
				
				[
					280,
					[ 24, 8, 0, 0, null ]
				],
				
				[
					689,
					[ 17, 21, 0, 2, null ]
				],
				
				[
					279,
					[ 23, 8, 0, 0, null ]
				],
				
				[
					688,
					[ 16, 21, 0, 2, null ]
				],
				
				[
					79,
					[ 15, 2, 0, 0, null ]
				],
				
				[
					488,
					[ 8, 15, 0, 0, null ]
				],
				
				[
					278,
					[ 22, 8, 0, 0, null ]
				],
				
				[
					687,
					[ 15, 21, 0, 2, null ]
				],
				
				[
					589,
					[ 13, 18, 0, 0, null ]
				],
				
				[
					180,
					[ 20, 5, 0, 0, null ]
				],
				
				[
					379,
					[ 27, 11, 0, 0, null ]
				],
				
				[
					59,
					[ 27, 1, 0, 0, null ]
				],
				
				[
					468,
					[ 20, 14, 0, 0, null ]
				],
				
				[
					258,
					[ 2, 8, 0, 0, null ]
				],
				
				[
					667,
					[ 27, 20, 0, 0, null ]
				],
				
				[
					635,
					[ 27, 19, 0, 0, null ]
				],
				
				[
					226,
					[ 2, 7, 0, 0, null ]
				],
				
				[
					666,
					[ 26, 20, 0, 0, null ]
				],
				
				[
					257,
					[ 1, 8, 0, 0, null ]
				],
				
				[
					671,
					[ 31, 20, 0, 2, null ]
				],
				
				[
					262,
					[ 6, 8, 0, 0, null ]
				],
				
				[
					347,
					[ 27, 10, 0, 0, null ]
				],
				
				[
					348,
					[ 28, 10, 0, 0, null ]
				],
				
				[
					575,
					[ 31, 17, 0, 2, null ]
				],
				
				[
					166,
					[ 6, 5, 0, 0, null ]
				],
				
				[
					113,
					[ 17, 3, 0, 0, null ]
				],
				
				[
					522,
					[ 10, 16, 0, 0, null ]
				],
				
				[
					80,
					[ 16, 2, 0, 0, null ]
				],
				
				[
					489,
					[ 9, 15, 0, 0, null ]
				],
				
				[
					269,
					[ 13, 8, 0, 0, null ]
				],
				
				[
					678,
					[ 6, 21, 0, 2, null ]
				],
				
				[
					179,
					[ 19, 5, 0, 0, null ]
				],
				
				[
					588,
					[ 12, 18, 0, 0, null ]
				],
				
				[
					82,
					[ 18, 2, 0, 0, null ]
				],
				
				[
					491,
					[ 11, 15, 0, 0, null ]
				],
				
				[
					680,
					[ 8, 21, 0, 2, null ]
				],
				
				[
					271,
					[ 15, 8, 0, 0, null ]
				],
				
				[
					83,
					[ 19, 2, 0, 0, null ]
				],
				
				[
					492,
					[ 12, 15, 0, 0, null ]
				],
				
				[
					289,
					[ 1, 9, 0, 0, null ]
				],
				
				[
					698,
					[ 26, 21, 0, 2, null ]
				],
				
				[
					649,
					[ 9, 20, 0, 0, null ]
				],
				
				[
					240,
					[ 16, 7, 0, 0, null ]
				],
				
				[
					351,
					[ 31, 10, 0, 2, null ]
				],
				
				[
					697,
					[ 25, 21, 0, 2, null ]
				],
				
				[
					288,
					[ 0, 9, 0, 2, null ]
				],
				
				[
					676,
					[ 4, 21, 0, 2, null ]
				],
				
				[
					267,
					[ 11, 8, 0, 0, null ]
				],
				
				[
					551,
					[ 7, 17, 0, 0, null ]
				],
				
				[
					142,
					[ 14, 4, 0, 0, null ]
				],
				
				[
					-347,
					
					[
						5,
						11,
						-1,
						19,
						
						[
							[ "rot", 0 ]
						]
					]
				],
				
				[
					466,
					[ 18, 14, 0, 0, null ]
				],
				
				[
					57,
					[ 25, 1, 0, 0, null ]
				],
				
				[
					648,
					[ 8, 20, 0, 0, null ]
				],
				
				[
					239,
					[ 15, 7, 0, 0, null ]
				],
				
				[
					13,
					[ 13, 0, 0, 2, null ]
				],
				
				[
					422,
					[ 6, 13, 0, 0, null ]
				],
				
				[
					-391,
					
					[
						25,
						9,
						-1,
						31,
						
						[
							[ "blockEnemy", false ],
							[ "blockFriendly", true ],
							[ "destroyProj", true ],
							[ "forceMult", 100.0 ],
							[ "id", 0 ],
							[ "rot", 0 ]
						]
					]
				],
				
				[
					81,
					[ 17, 2, 0, 0, null ]
				],
				
				[
					490,
					[ 10, 15, 0, 0, null ]
				],
				
				[
					291,
					[ 3, 9, 0, 0, null ]
				],
				
				[
					700,
					[ 28, 21, 0, 2, null ]
				],
				
				[
					349,
					[ 29, 10, 0, 0, null ]
				],
				
				[
					608,
					[ 0, 19, 0, 2, null ]
				],
				
				[
					199,
					[ 7, 6, 0, 0, null ]
				],
				
				[
					631,
					[ 23, 19, 0, 0, null ]
				],
				
				[
					222,
					[ 30, 6, 0, 0, null ]
				],
				
				[
					432,
					[ 16, 13, 0, 0, null ]
				],
				
				[
					23,
					[ 23, 0, 0, 2, null ]
				],
				
				[
					440,
					[ 24, 13, 0, 0, null ]
				],
				
				[
					31,
					[ 31, 0, 0, 2, null ]
				],
				
				[
					639,
					[ 31, 19, 0, 2, null ]
				],
				
				[
					230,
					[ 6, 7, 0, 0, null ]
				],
				
				[
					51,
					[ 19, 1, 0, 0, null ]
				],
				
				[
					460,
					[ 12, 14, 0, 0, null ]
				],
				
				[
					675,
					[ 3, 21, 0, 2, null ]
				],
				
				[
					266,
					[ 10, 8, 0, 0, null ]
				],
				
				[
					682,
					[ 10, 21, 0, 2, null ]
				],
				
				[
					273,
					[ 17, 8, 0, 0, null ]
				],
				
				[
					496,
					[ 16, 15, 0, 0, null ]
				],
				
				[
					87,
					[ 23, 2, 0, 0, null ]
				],
				
				[
					-392,
					
					[
						24,
						9,
						-1,
						31,
						
						[
							[ "blockEnemy", false ],
							[ "blockFriendly", true ],
							[ "destroyProj", true ],
							[ "forceMult", 100.0 ],
							[ "id", 0 ],
							[ "rot", 0 ]
						]
					]
				],
				
				[
					421,
					[ 5, 13, 0, 0, null ]
				],
				
				[
					12,
					[ 12, 0, 0, 2, null ]
				],
				
				[
					573,
					[ 29, 17, 0, 0, null ]
				],
				
				[
					497,
					[ 17, 15, 0, 0, null ]
				],
				
				[
					88,
					[ 24, 2, 0, 0, null ]
				],
				
				[
					681,
					[ 9, 21, 0, 2, null ]
				],
				
				[
					272,
					[ 16, 8, 0, 0, null ]
				],
				
				[
					236,
					[ 12, 7, 0, 0, null ]
				],
				
				[
					645,
					[ 5, 20, 0, 0, null ]
				],
				
				[
					37,
					[ 5, 1, 0, 0, null ]
				],
				
				[
					446,
					[ 30, 13, 0, 0, null ]
				],
				
				[
					-367,
					
					[
						17,
						10,
						-1,
						31,
						
						[
							[ "blockEnemy", false ],
							[ "blockFriendly", false ],
							[ "destroyProj", false ],
							[ "forceMult", 100 ],
							[ "rot", 90 ]
						]
					]
				],
				
				[
					472,
					[ 24, 14, 0, 0, null ]
				],
				
				[
					63,
					[ 31, 1, 0, 2, null ]
				],
				
				[
					350,
					[ 30, 10, 0, 0, null ]
				],
				
				[
					-463,
					
					[
						17,
						7,
						-1,
						31,
						
						[
							[ "blockEnemy", false ],
							[ "blockFriendly", false ],
							[ "destroyProj", false ],
							[ "forceMult", 0 ],
							[ "rot", 180 ]
						]
					]
				],
				
				[
					26,
					[ 26, 0, 0, 2, null ]
				],
				
				[
					435,
					[ 19, 13, 0, 0, null ]
				],
				
				[
					21,
					[ 21, 0, 0, 2, null ]
				],
				
				[
					430,
					[ 14, 13, 0, 0, null ]
				],
				
				[
					674,
					[ 2, 21, 0, 2, null ]
				],
				
				[
					265,
					[ 9, 8, 0, 0, null ]
				],
				
				[
					459,
					[ 11, 14, 0, 0, null ]
				],
				
				[
					50,
					[ 18, 1, 0, 0, null ]
				],
				
				[
					658,
					[ 18, 20, 0, 0, null ]
				],
				
				[
					249,
					[ 25, 7, 0, 0, null ]
				],
				
				[
					641,
					[ 1, 20, 0, 0, null ]
				],
				
				[
					232,
					[ 8, 7, 0, 0, null ]
				],
				
				[
					17,
					[ 17, 0, 0, 2, null ]
				],
				
				[
					426,
					[ 10, 13, 0, 0, null ]
				],
				
				[
					679,
					[ 7, 21, 0, 2, null ]
				],
				
				[
					270,
					[ 14, 8, 0, 0, null ]
				],
				
				[
					290,
					[ 2, 9, 0, 0, null ]
				],
				
				[
					699,
					[ 27, 21, 0, 2, null ]
				],
				
				[
					96,
					[ 0, 3, 0, 2, null ]
				],
				
				[
					505,
					[ 25, 15, 0, 0, null ]
				],
				
				[
					-308,
					
					[
						12,
						12,
						-1,
						30,
						
						[
							[ "rot", 0 ]
						]
					]
				],
				
				[
					306,
					[ 18, 9, 0, 0, null ]
				],
				
				[
					647,
					[ 7, 20, 0, 0, null ]
				],
				
				[
					238,
					[ 14, 7, 0, 0, null ]
				],
				
				[
					227,
					[ 3, 7, 0, 0, null ]
				],
				
				[
					636,
					[ 28, 19, 0, 0, null ]
				],
				
				[
					601,
					[ 25, 18, 0, 0, null ]
				],
				
				[
					192,
					[ 0, 6, 0, 2, null ]
				],
				
				[
					101,
					[ 5, 3, 0, 0, null ]
				],
				
				[
					49,
					[ 17, 1, 0, 0, null ]
				],
				
				[
					458,
					[ 10, 14, 0, 0, null ]
				],
				
				[
					464,
					[ 16, 14, 0, 0, null ]
				],
				
				[
					55,
					[ 23, 1, 0, 0, null ]
				],
				
				[
					45,
					[ 13, 1, 0, 0, null ]
				],
				
				[
					454,
					[ 6, 14, 0, 0, null ]
				],
				
				[
					-359,
					
					[
						25,
						10,
						-1,
						31,
						
						[
							[ "blockEnemy", false ],
							[ "blockFriendly", true ],
							[ "destroyProj", true ],
							[ "forceMult", 100.0 ],
							[ "id", 0 ],
							[ "rot", 0 ]
						]
					]
				],
				
				[
					244,
					[ 20, 7, 0, 0, null ]
				],
				
				[
					653,
					[ 13, 20, 0, 0, null ]
				],
				
				[
					24,
					[ 24, 0, 0, 2, null ]
				],
				
				[
					433,
					[ 17, 13, 0, 0, null ]
				],
				
				[
					223,
					[ 31, 6, 0, 2, null ]
				],
				
				[
					632,
					[ 24, 19, 0, 0, null ]
				],
				
				[
					56,
					[ 24, 1, 0, 0, null ]
				],
				
				[
					465,
					[ 17, 14, 0, 0, null ]
				],
				
				[
					455,
					[ 7, 14, 0, 0, null ]
				],
				
				[
					46,
					[ 14, 1, 0, 0, null ]
				],
				
				[
					654,
					[ 14, 20, 0, 0, null ]
				],
				
				[
					245,
					[ 21, 7, 0, 0, null ]
				],
				
				[
					234,
					[ 10, 7, 0, 0, null ]
				],
				
				[
					643,
					[ 3, 20, 0, 0, null ]
				],
				
				[
					85,
					[ 21, 2, 0, 0, null ]
				],
				
				[
					494,
					[ 14, 15, 0, 0, null ]
				],
				
				[
					424,
					[ 8, 13, 0, 0, null ]
				],
				
				[
					15,
					[ 15, 0, 0, 2, null ]
				],
				
				[
					203,
					[ 11, 6, 0, 0, null ]
				],
				
				[
					612,
					[ 4, 19, 0, 0, null ]
				],
				
				[
					60,
					[ 28, 1, 0, 0, null ]
				],
				
				[
					469,
					[ 21, 14, 0, 0, null ]
				],
				
				[
					259,
					[ 3, 8, 0, 0, null ]
				],
				
				[
					668,
					[ 28, 20, 0, 0, null ]
				],
				
				[
					372,
					[ 20, 11, 0, 0, null ]
				],
				
				[
					420,
					[ 4, 13, 0, 0, null ]
				],
				
				[
					11,
					[ 11, 0, 0, 2, null ]
				],
				
				[
					25,
					[ 25, 0, 0, 2, null ]
				],
				
				[
					434,
					[ 18, 13, 0, 0, null ]
				],
				
				[
					423,
					[ 7, 13, 0, 0, null ]
				],
				
				[
					14,
					[ 14, 0, 0, 2, null ]
				],
				
				[
					438,
					[ 22, 13, 0, 0, null ]
				],
				
				[
					29,
					[ 29, 0, 0, 2, null ]
				],
				
				[
					637,
					[ 29, 19, 0, 0, null ]
				],
				
				[
					228,
					[ 4, 7, 0, 0, null ]
				],
				
				[
					62,
					[ 30, 1, 0, 0, null ]
				],
				
				[
					471,
					[ 23, 14, 0, 0, null ]
				],
				
				[
					261,
					[ 5, 8, 0, 0, null ]
				],
				
				[
					670,
					[ 30, 20, 0, 0, null ]
				],
				
				[
					374,
					[ 22, 11, 0, 0, null ]
				],
				
				[
					655,
					[ 15, 20, 0, 0, null ]
				],
				
				[
					246,
					[ 22, 7, 0, 0, null ]
				],
				
				[
					456,
					[ 8, 14, 0, 0, null ]
				],
				
				[
					47,
					[ 15, 1, 0, 0, null ]
				],
				
				[
					633,
					[ 25, 19, 0, 0, null ]
				],
				
				[
					224,
					[ 0, 7, 0, 2, null ]
				],
				
				[
					235,
					[ 11, 7, 0, 0, null ]
				],
				
				[
					644,
					[ 4, 20, 0, 0, null ]
				],
				
				[
					611,
					[ 3, 19, 0, 0, null ]
				],
				
				[
					202,
					[ 10, 6, 0, 0, null ]
				],
				
				[
					61,
					[ 29, 1, 0, 0, null ]
				],
				
				[
					470,
					[ 22, 14, 0, 0, null ]
				],
				
				[
					260,
					[ 4, 8, 0, 0, null ]
				],
				
				[
					669,
					[ 29, 20, 0, 0, null ]
				],
				
				[
					373,
					[ 21, 11, 0, 0, null ]
				],
				
				[
					158,
					[ 30, 4, 0, 0, null ]
				],
				
				[
					567,
					[ 23, 17, 0, 0, null ]
				],
				
				[
					436,
					[ 20, 13, 0, 0, null ]
				],
				
				[
					27,
					[ 27, 0, 0, 2, null ]
				],
				
				[
					242,
					[ 18, 7, 0, 0, null ]
				],
				
				[
					651,
					[ 11, 20, 0, 0, null ]
				],
				
				[
					427,
					[ 11, 13, 0, 0, null ]
				],
				
				[
					18,
					[ 18, 0, 0, 2, null ]
				],
				
				[
					416,
					[ 0, 13, 0, 2, null ]
				],
				
				[
					7,
					[ 7, 0, 0, 2, null ]
				],
				
				[
					48,
					[ 16, 1, 0, 0, null ]
				],
				
				[
					457,
					[ 9, 14, 0, 0, null ]
				],
				
				[
					54,
					[ 22, 1, 0, 0, null ]
				],
				
				[
					463,
					[ 15, 14, 0, 0, null ]
				],
				
				[
					418,
					[ 2, 13, 0, 0, null ]
				],
				
				[
					9,
					[ 9, 0, 0, 2, null ]
				],
				
				[
					417,
					[ 1, 13, 0, 0, null ]
				],
				
				[
					8,
					[ 8, 0, 0, 2, null ]
				],
				
				[
					19,
					[ 19, 0, 0, 2, null ]
				],
				
				[
					428,
					[ 12, 13, 0, 0, null ]
				],
				
				[
					30,
					[ 30, 0, 0, 2, null ]
				],
				
				[
					439,
					[ 23, 13, 0, 0, null ]
				],
				
				[
					425,
					[ 9, 13, 0, 0, null ]
				],
				
				[
					16,
					[ 16, 0, 0, 2, null ]
				],
				
				[
					204,
					[ 12, 6, 0, 0, null ]
				],
				
				[
					613,
					[ 5, 19, 0, 0, null ]
				],
				
				[
					241,
					[ 17, 7, 0, 0, null ]
				],
				
				[
					650,
					[ 10, 20, 0, 0, null ]
				],
				
				[
					10,
					[ 10, 0, 0, 2, null ]
				],
				
				[
					419,
					[ 3, 13, 0, 0, null ]
				],
				
				[
					209,
					[ 17, 6, 0, 0, null ]
				],
				
				[
					618,
					[ 10, 19, 0, 0, null ]
				]
			]
		]
	]
]
